[cam_0]
name = "camA"
size = [ 720, 540,]
matrix = [ [ 1201.4572187664403, 0.0, 359.5,], [ 0.0, 1201.4572187664403, 269.5,], [ 0.0, 0.0, 1.0,],]
distortions = [ -0.16757021557856763, 0.0, 0.0, 0.0, 0.0,]
rotation = [ 0.004175928115987055, 0.0018755154742054875, -0.0027873812070578355,]
translation = [ -1.7003354194061933, 2.259735389444428, -80.7539612975153,]

[cam_1]
name = "camB"
size = [ 720, 540,]
matrix = [ [ 1214.0046071945483, 0.0, 359.5,], [ 0.0, 1214.0046071945483, 269.5,], [ 0.0, 0.0, 1.0,],]
distortions = [ -0.12180730742311886, 0.0, 0.0, 0.0, 0.0,]
rotation = [ -1.5076264922031348, -0.3454508131482091, -0.48239926193764116,]
translation = [ -60.26156005919721, -640.3785550408967, 523.7270086509981,]

[cam_2]
name = "camC"
size = [ 720, 540,]
matrix = [ [ 1271.8368163579885, 0.0, 359.5,], [ 0.0, 1271.8368163579885, 269.5,], [ 0.0, 0.0, 1.0,],]
distortions = [ -0.07339835706756574, 0.0, 0.0, 0.0, 0.0,]
rotation = [ 0.3866292472145155, -1.26379474085349, -2.1116541565863334,]
translation = [ 413.0536594656895, -467.7299637607337, 360.7366828811578,]

[cam_3]
name = "camD"
size = [ 720, 540,]
matrix = [ [ 1246.5001393574328, 0.0, 359.5,], [ 0.0, 1246.5001393574328, 269.5,], [ 0.0, 0.0, 1.0,],]
distortions = [ -0.09108219997460397, 0.0, 0.0, 0.0, 0.0,]
rotation = [ -0.24634674829264913, -1.987574462397013, -0.8787961952154678,]
translation = [ 448.98595750655215, -425.03661134017585, 850.5419074683201,]

[cam_4]
name = "camE"
size = [ 720, 540,]
matrix = [ [ 1211.5020310639916, 0.0, 359.5,], [ 0.0, 1211.5020310639916, 269.5,], [ 0.0, 0.0, 1.0,],]
distortions = [ -0.10668966304764266, 0.0, 0.0, 0.0, 0.0,]
rotation = [ 1.947293152388762, -2.3117863333719915, -0.34804755641077817,]
translation = [ 148.60019769378226, -68.7942456505793, 1213.9217432962525,]

[metadata]
adjusted = false
error = 0.9933015972366174
